@id,@lon,@lat,name,name:mk,name:en
309867133,21.4015802,42.0026370,,,
309867134,21.4017860,42.0034735,,,
309867135,21.4035294,42.0032367,,,
309867137,21.4032885,42.0022577,,,
309867277,21.4028441,42.0067942,,,
309867278,21.4023654,42.0048272,,,
309867279,21.4048626,42.0047728,,,
309867280,21.4044405,42.0061960,,,
358090036,21.4133865,41.9908051,,,
363454177,21.3794137,42.0065762,,,
363454179,21.3792951,42.0063157,,,
363454183,21.3795628,42.0065387,,,
363564634,21.3623540,42.0096012,,,
363564635,21.3623562,42.0092472,,,
363564637,21.3631861,42.0092500,,,
363564638,21.3631817,42.0097164,,,
363564640,21.3623532,42.0097135,,,
365291273,21.4340322,41.9924014,,,
365291274,21.4348186,41.9927473,,,
365291275,21.4347197,41.9928715,,,
365291276,21.4345446,41.9927945,,,
365291277,21.4344092,41.9929647,,,
365291279,21.4337978,41.9926958,,,
367158757,21.3697311,42.0219288,,,
367158758,21.3705897,42.0212789,,,
367158760,21.3706900,42.0199511,,,
367158761,21.3713217,42.0198477,,,
367158763,21.3715704,42.0180286,,,
367158764,21.3735827,42.0169847,,,
367158765,21.3746469,42.0165799,,,
367158770,21.3748407,42.0169910,,,
367158771,21.3747982,42.0188282,,,
367158772,21.3704133,42.0219502,,,
367836127,21.4177236,41.9879733,,,
367836128,21.4179185,41.9882227,,,
367836129,21.4212630,41.9907344,,,
367836130,21.4216092,41.9905753,,,
367836131,21.4218409,41.9904556,,,
367836132,21.4234288,41.9897857,,,
367836133,21.4240304,41.9906489,,,
367836135,21.4255610,41.9899845,,,
367836137,21.4248021,41.9890967,,,
367836139,21.4268405,41.9879356,,,
367836141,21.4263971,41.9866173,,,
367836145,21.4207616,41.9871742,,,
380920212,22.0202441,41.4439681,ЈЗУ Општа Болница,,Jzu Opsta Bolnica
381141339,22.0181670,41.4336705,,,
381141344,22.0181155,41.4327374,,,
381141348,22.0191283,41.4327246,,,
381141353,22.0192313,41.4336705,,,
381141682,22.0186820,41.4331879,Itna medicinska sluzba,,
389806076,21.5633907,41.3418538,,,
390436187,20.8069305,41.1128747,Брза помош-амбуланта,,
390451525,20.8170554,41.1182044,,,
390451526,20.8191108,41.1165878,,,
390451527,20.8164857,41.1150733,,,
390451528,20.8147281,41.1167339,,,
390451529,20.8147077,41.1170330,,,
391826997,21.4572203,41.9854975,,,
391827000,21.4567593,41.9849350,,,
391827001,21.4573733,41.9846470,,,
391827002,21.4578328,41.9852078,,,
411271267,21.2164740,41.5132068,,,
411271268,21.2177025,41.5129628,,,
418782887,21.4568930,41.9848745,,,
418782888,21.4572467,41.9847043,,,
418782889,21.4576935,41.9852709,,,
418782890,21.4573996,41.9849121,,,
418782891,21.4570670,41.9850680,,,
418782892,21.4573652,41.9854319,,,
418783009,21.4569524,41.9849469,,,
418783011,21.4573121,41.9847841,,,
418783927,21.4573014,41.9849566,,,
418783928,21.4573988,41.9850755,,,
418783929,21.4572438,41.9851457,,,
418783930,21.4571495,41.9850306,,,
443017288,21.5037189,41.9955321,,,
443017289,21.5039440,41.9954724,,,
443017291,21.5038949,41.9953702,,,
443017293,21.5036699,41.9954299,,,
444334939,22.4065097,41.9164054,,,
444334940,22.4054245,41.9172444,,,
444334942,22.4052575,41.9176922,,,
444334945,22.4084841,41.9163443,,,
444334951,22.4080695,41.9161306,,,
444334953,22.4074753,41.9162845,,,
444334955,22.4070648,41.9166612,,,
444334957,22.4062679,41.9177751,,,
444334960,22.4056979,41.9178470,,,
444334962,22.4054863,41.9178543,,,
444334970,22.4087974,41.9166971,,,
444334972,22.4085675,41.9168037,,,
444334974,22.4079327,41.9171394,,,
444334976,22.4069017,41.9173841,,,
446285567,21.3918760,41.9988883,Систина,,
446285590,21.4050218,41.9902796,,,
446285591,21.4055466,41.9905371,,,
446285593,21.4055587,41.9902399,,,
446285594,21.4052341,41.9902326,,,
446285601,21.4055430,41.9900084,,,
446285606,21.4055306,41.9899172,,,
446285618,21.4055363,41.9897770,,,
446285627,21.4052000,41.9896351,,,
446285630,21.4049724,41.9896299,,,
446285638,21.4049651,41.9898096,,,
446285641,21.4051305,41.9898134,,,
446285649,21.4051283,41.9898664,,,
446285652,21.4048261,41.9898596,,,
446285655,21.4048203,41.9900028,,,
446285656,21.4051311,41.9900098,,,
446285659,21.4048214,41.9901004,,,
446285661,21.4048158,41.9902374,,,
446285667,21.4050641,41.9902430,,,
446285669,21.4050626,41.9902805,,,
446320919,21.4619958,41.9894355,,,
446320921,21.4616036,41.9889425,,,
446320922,21.4622807,41.9886448,,,
446320924,21.4626730,41.9891378,,,
447906076,21.4048382,41.9948425,,,
447906078,21.4050819,41.9948123,,,
447906079,21.4051134,41.9949525,,,
447906081,21.4048697,41.9949827,,,
452405200,21.3356237,41.0329969,,,
452405202,21.3353583,41.0328589,,,
452405205,21.3354098,41.0328071,,,
452405206,21.3354956,41.0328525,,,
452405207,21.3355627,41.0327868,,,
452405208,21.3352724,41.0326323,,,
452405209,21.3352050,41.0327009,,,
452405210,21.3352680,41.0327331,,,
452405212,21.3352182,41.0327837,,,
452405213,21.3349978,41.0326712,,,
452405217,21.3350556,41.0326074,,,
452405218,21.3349377,41.0325482,,,
452405220,21.3347660,41.0327295,,,
452405221,21.3348838,41.0327914,,,
452405222,21.3349184,41.0327523,,,
452405223,21.3355414,41.0330850,,,
452405224,21.3354956,41.0331309,,,
452405226,21.3356072,41.0331891,,,
452405227,21.3358990,41.0329172,,,
452405229,21.3357788,41.0328460,,,
461667222,22.6440256,41.4403058,,,
464772764,22.3213986,42.1956200,Bolnica Primarius D-r. Dimitar Arsov,,
478041008,22.0143343,41.4334419,Asklepij,,
479803481,21.3825263,42.0064220,Eye Center VIZIA,,
497549513,22.8514500,41.7085000,Амбуланта,,Health centre
552740011,21.4252136,42.0374713,,,
568024520,20.6795882,41.1815650,SANITA,,
568024688,20.6791796,41.1810946,City hospital,,
774784615,21.0073455,41.0899619,Здравствен дом Ресен,Здравствен дом Ресен,
1088079165,22.3340659,41.8845005,,,
1092272137,21.3388850,42.0080827,,,
1092272145,21.3381661,42.0077080,,,
1092272150,21.3394643,42.0087603,,,
1092300445,21.3467492,42.0481616,,,
1092300531,21.3460247,42.0449386,,,
1272903523,22.5100370,41.8872494,Bolnica Vinica,,
1359271238,21.4235159,41.9955891,,,
1381604857,21.4420010,41.9703449,Болница за зависности,,
1381606894,21.4346369,41.9869370,Адриалаб,,
1400953433,21.4034030,42.0136387,,,
1400953447,21.4053411,42.0136569,,,
1629789674,21.7756540,41.7161641,,,
1652685364,21.4348208,41.9869077,,,
1652685365,21.4347725,41.9869818,,,
1652685367,21.4349449,41.9869525,,,
1652685372,21.4348966,41.9870266,,,
1655990864,21.3165443,41.0217189,,,
1655990865,21.3156377,41.0213167,,,
1655990866,21.3168723,41.0212980,,,
1655990867,21.3159657,41.0208958,,,
1712596980,21.7749455,41.7140153,,,
1712596986,21.7756488,41.7160670,,,
1712596992,21.7762800,41.7165959,,,
1712597001,21.7764374,41.7154105,,,
1712597006,21.7764759,41.7155776,,,
1712597053,21.7764812,41.7167069,,,
1712597067,21.7766005,41.7137247,,,
1712597069,21.7752247,41.7136063,,,
1712597084,21.7754056,41.7153547,,,
1726094579,21.7078016,42.1363948,,,
1726094580,21.7075227,42.1381469,,,
1726094581,21.7099930,42.1361839,,,
1726094582,21.7069299,42.1373016,,,
1726094583,21.7084574,42.1363597,,,
1726094584,21.7110122,42.1369575,,,
1726094585,21.7074100,42.1380117,,,
1726094586,21.7079974,42.1361859,,,
1726094587,21.7083582,42.1360991,,,
1726094588,21.7100440,42.1375682,,,
1726094589,21.7075361,42.1366512,,,
1726094590,21.7106032,42.1372945,,,
1726094591,21.7094244,42.1358935,,,
1726094592,21.7103350,42.1363935,,,
1726094593,21.7097382,42.1360447,,,
1726094594,21.7083823,42.1364313,,,
1726094595,21.7072196,42.1369854,,,
1726094596,21.7072706,42.1378506,,,
1726094597,21.7083703,42.1381549,,,
1726094598,21.7080256,42.1362523,,,
1726094599,21.7082040,42.1359930,,,
1726094600,21.7081946,42.1360156,,,
1726094601,21.7089469,42.1379620,,,
1726094602,21.7079864,42.1362287,,,
1726094603,21.7095934,42.1377511,,,
1726094604,21.7107977,42.1371286,,,
1726094605,21.7107145,42.1366015,,,
1726094606,21.7091749,42.1357901,,,
1726094607,21.7082348,42.1362363,,,
1726094608,21.7088262,42.1356807,,,
1726094609,21.7085768,42.1356270,,,
1726094610,21.7076809,42.1383757,,,
1726094611,21.7111464,42.1368521,,,
1726094612,21.7103229,42.1374349,,,
1726094613,21.7083515,42.1358538,,,
1726094798,21.7084118,42.1360613,,,
1726094799,21.7088920,42.1365029,,,
1726094801,21.7091548,42.1364293,,,
1726094803,21.7089081,42.1366839,,,
1726094813,21.7083046,42.1361747,,,
1726094817,21.7087900,42.1366143,,,
1726094824,21.7090073,42.1363935,,,
1726094825,21.7090422,42.1363617,,,
1735492316,21.7167789,42.1351138,,,
1735492317,21.7170123,42.1350860,,,
1735492323,21.7165778,42.1351059,,,
1735492325,21.7165563,42.1352451,,,
1735492328,21.7165295,42.1352471,,,
1735492331,21.7170069,42.1350283,,,
1735492334,21.7173673,42.1354000,,,
1735492337,21.7165036,42.1353642,,,
1735492340,21.7165465,42.1354815,,,
1735492343,21.7173207,42.1349965,,,
1735492346,21.7172885,42.1349547,,,
1735492349,21.7172061,42.1353685,,,
1735492354,21.7171947,42.1350383,,,
1735492355,21.7170874,42.1350223,,,
1735492356,21.7168567,42.1351079,,,
1735492358,21.7172224,42.1354298,,,
1735492360,21.7172832,42.1351815,,,
1747627317,21.4331367,41.9860650,,,
1758468903,21.4235348,41.9957907,,,
1758468912,21.4233852,41.9955735,,,
1758468916,21.4235053,41.9956381,,,
1758468941,21.4233489,41.9957420,,,
1790709935,22.8795370,41.4122546,,,
1790709949,22.8798289,41.4123060,,,
1790709954,22.8797572,41.4121826,,,
1790709963,22.8796087,41.4123780,,,
1790723839,22.8120320,41.3830349,,,
1791473942,22.7523700,41.3848054,,,
1791511473,22.8800492,41.4121993,,,
1799589233,22.8798854,41.4119728,,,
1799589234,22.8797707,41.4120195,,,
1799589235,22.8799344,41.4122460,,,
1850511011,21.4501059,42.0601589,Манолеви,,
1857986072,21.4657186,42.0050411,,,
1857986094,21.4657964,42.0047959,,,
1857986099,21.4662256,42.0051208,,,
1857986108,21.4663060,42.0048936,,,
1859079460,21.4590569,42.0081651,,,
1859079462,21.4598005,42.0089763,,,
1859079463,21.4590995,42.0083510,,,
1859079464,21.4602201,42.0080180,,,
1859079465,21.4589877,42.0088119,,,
1859079466,21.4593431,42.0086514,,,
1859079467,21.4602511,42.0081532,,,
1859079468,21.4593941,42.0087601,,,
1859079469,21.4589556,42.0087033,,,
1859079470,21.4594738,42.0083037,,,
1859079472,21.4595617,42.0087182,,,
1859079473,21.4598782,42.0088916,,,
1859079474,21.4592792,42.0083283,,,
1860925725,21.4203236,41.9952927,,,
1860925726,21.4207468,41.9952224,,,
1860925728,21.4203467,41.9951778,,,
1860925731,21.4203734,41.9950443,,,
1860925748,21.4209140,41.9951046,,,
1860925750,21.4201545,41.9952739,,,
1860925752,21.4209021,41.9951633,,,
1860925758,21.4202046,41.9950255,,,
1860925759,21.4207618,41.9951477,,,
1864488278,21.4436092,42.0207628,,,
1864488297,21.4450672,42.0210862,,,
1864488318,21.4450326,42.0212612,,,
1864488322,21.4437406,42.0210696,,,
1864488348,21.4451097,42.0207212,,,
1864488359,21.4450295,42.0205952,,,
1864488365,21.4447805,42.0205468,,,
1864488367,21.4438721,42.0212749,,,
1864488368,21.4435739,42.0205297,,,
1864488372,21.4449628,42.0205745,,,
1864488392,21.4445748,42.0205256,,,
1864488411,21.4442932,42.0205316,,,
1864488681,21.4443996,42.0212702,,,
1864640003,21.4395070,42.0109674,,,
1864640012,21.4399839,42.0112531,,,
1864640014,21.4400436,42.0108768,,,
1864640020,21.4400848,42.0109288,,,
1864640032,21.4398204,42.0109892,,,
1864640036,21.4394890,42.0111582,,,
1864640047,21.4399622,42.0108637,,,
1864640050,21.4392894,42.0111478,,,
1864640056,21.4400539,42.0109957,,,
1864640074,21.4397971,42.0112401,,,
1864640106,21.4399949,42.0104016,,,
1864640114,21.4401011,42.0109982,,,
1864640124,21.4393627,42.0103688,,,
1867119524,21.4039744,42.0142506,,,
1867119525,21.4040253,42.0142470,,,
1867119526,21.4037451,42.0143201,,,
1867119528,21.4036105,42.0138205,,,
1867119530,21.4034425,42.0137941,,,
1867119533,21.4037366,42.0142541,,,
1867119542,21.4039812,42.0143032,,,
1867119543,21.4036674,42.0142590,,,
1867268154,21.4147691,41.9913922,,,
1867268159,21.4135793,41.9921522,,,
1867268181,21.4121980,41.9917396,,,
1867268183,21.4143907,41.9906414,,,
1867272078,21.4128116,41.9923807,,,
1867272083,21.4134556,41.9922255,,,
1868404546,21.4460448,42.0309143,,,
1868404552,21.4459402,42.0304149,,,
1868404705,21.4453340,42.0304847,,,
1868404709,21.4454815,42.0309781,,,
1868812091,21.4052017,42.0060925,,,
1868812163,21.4045454,42.0066493,,,
1870347255,21.3736166,42.0191935,,,
1870347257,21.3704560,42.0217123,,,
1870347259,21.3736790,42.0172386,,,
1870347270,21.3720246,42.0180417,,,
1870347271,21.3740682,42.0191269,,,
1870347275,21.3728750,42.0199416,,,
1870347276,21.3741391,42.0189096,,,
1870347278,21.3730805,42.0200730,,,
1870347280,21.3722172,42.0174371,,,
1870347282,21.3744188,42.0188580,,,
1870347285,21.3732716,42.0173791,,,
1870361973,21.3748134,42.0169219,,,
1870372870,21.3702648,42.0217958,,,
1870372878,21.3708912,42.0217976,,,
1870372879,21.3706090,42.0209770,,,
1870372893,21.3706785,42.0200966,,,
1870372914,21.3698201,42.0220858,,,
1874283890,21.6928695,41.8980526,,,
1874283902,21.6928051,41.8984559,,,
1874283905,21.6940229,41.8969625,,,
1874283907,21.6933673,41.8986396,,,
1874283909,21.6931742,41.8984998,,,
1874283913,21.6944778,41.8971462,,,
1874283915,21.6940540,41.8978370,,,
1874283917,21.6934113,41.8973698,,,
1875061197,21.3794442,42.0062782,,,
1878627234,21.5046239,42.0054534,,,
1878627235,21.5042617,42.0053012,,,
1878627245,21.5041249,42.0052616,,,
1878627247,21.5044285,42.0055252,,,
1878627284,21.5043328,42.0057105,,,
1878627286,21.5043741,42.0056317,,,
1878627291,21.5041817,42.0054537,,,
1878627320,21.5044870,42.0054137,,,
1878627323,21.5044683,42.0057498,,,
1878627325,21.5039174,42.0056570,,,
1878627334,21.5041339,42.0055621,,,
1878627338,21.5040621,42.0056989,,,
1901878132,21.4409756,41.9874155,,,
1901878160,21.4420179,41.9876245,,,
1901878252,21.4414171,41.9878900,,,
1901878297,21.4415152,41.9871324,,,
1959703554,21.3751520,42.0075565,,,
1959703557,21.3751956,42.0073900,,,
1959703560,21.3753991,42.0073382,,,
1959703563,21.3754175,42.0073851,,,
1959703576,21.3754589,42.0074750,,,
1959703579,21.3752633,42.0075282,,,
1959703580,21.3754708,42.0072623,,,
1959703582,21.3755573,42.0074500,,,
1959703583,21.3753753,42.0072866,,,
1959703585,21.3750606,42.0073582,,,
1959703586,21.3751683,42.0073308,,,
1959703588,21.3752205,42.0074353,,,
1962863260,21.7223203,41.5168078,,,
1962863387,21.7217034,41.5171533,,,
1962863436,21.7212836,41.5152588,,,
1962863438,21.7207794,41.5154435,,,
1962863443,21.7229372,41.5163660,,,
1962863463,21.7229520,41.5158653,,,
1962863496,21.7225604,41.5148250,,,
1962863608,21.7228340,41.5149133,,,
1962863701,21.7219553,41.5155424,,,
1962863735,21.7214081,41.5168598,,,
1972933169,21.0052937,41.0405263,,,
1995784928,21.7101444,42.1364032,,,
1995784929,21.7106513,42.1368647,,,
1995784930,21.7105843,42.1368647,,,
1995784931,21.7099808,42.1365723,,,
1995784932,21.7103874,42.1370302,,,
1995784933,21.7101095,42.1366459,,,
1995784934,21.7100311,42.1365070,,,
1995784935,21.7100130,42.1367394,,,
1995784936,21.7096991,42.1365723,,,
1995784937,21.7100130,42.1365405,,,
1995784938,21.7105151,42.1371102,,,
1995784939,21.7107613,42.1367632,,,
1995784940,21.7107372,42.1369164,,,
1995784941,21.7098681,42.1364211,,,
1999950864,22.2415389,41.4086240,Ambulanta,,
2051568899,20.8024774,41.0738386,,,
2051568935,20.8026335,41.0735076,,,
2051568948,20.8025638,41.0738149,,,
2051569069,20.8029334,41.0736081,,,
2051569277,20.8024190,41.0735763,,,
2051569303,20.8030520,41.0741142,,,
2051569452,20.8028851,41.0741945,,,
2051569526,20.8022688,41.0737340,,,
2051569559,20.8023760,41.0740009,,,
2051569573,20.8027891,41.0733256,,,
2051569826,20.8026174,41.0733337,,,
2051569851,20.8028428,41.0736127,,,
2051569859,20.8025316,41.0739403,,,
2051569882,20.8024506,41.0736809,,,
2069262521,21.3169072,41.0228394,,,
2069262522,21.3170458,41.0217240,,,
2069262524,21.3183194,41.0246769,,,
2069262525,21.3199422,41.0231036,,,
2069262526,21.3194595,41.0212300,,,
2069262527,21.3205188,41.0221872,,,
2069262528,21.3163476,41.0232645,,,
2069262529,21.3200484,41.0240915,,,
2069262530,21.3180297,41.0223171,,,
2069262531,21.3204863,41.0240209,,,
2069262532,21.3194863,41.0237581,,,
2069262533,21.3202603,41.0218059,,,
2069262534,21.3200716,41.0216097,,,
2069262535,21.3206926,41.0230143,,,
2069262536,21.3162840,41.0224226,,,
2069262537,21.3205571,41.0243056,,,
2103066166,22.1991058,41.7387607,,,
2103066171,22.1990343,41.7388030,,,
2321716849,21.7758659,41.7164296,,,
2323196789,22.5066705,41.1450708,,,
2323269026,21.3624953,42.0096017,,,
2323269041,21.3628613,42.0093817,,,
2323269042,21.3625942,42.0095759,,,
2323269043,21.3625968,42.0093419,,,
2323269045,21.3630235,42.0093632,,,
2323269047,21.3623555,42.0093547,,,
2323269048,21.3631854,42.0093637,,,
2323269049,21.3631824,42.0096033,,,
2323269050,21.3624969,42.0093552,,,
2323269061,21.3629227,42.0095774,,,
2372341482,20.9622659,41.5077121,,,
2372341483,20.9621273,41.5077195,,,
2372341484,20.9618968,41.5077340,,,
2372341486,20.9617569,41.5077414,,,
2372341487,20.9621379,41.5078313,,,
2372341488,20.9619071,41.5078435,,,
2372341490,20.9621446,41.5079372,,,
2372341491,20.9619340,41.5079484,,,
2372341492,20.9622993,41.5080656,,,
2372341493,20.9621575,41.5080731,,,
2372341495,20.9619471,41.5080862,,,
2372341496,20.9617904,41.5080945,,,
2373004497,21.3702482,40.9990844,Диагностички центар св.Спас,,
2405915015,22.6436636,41.4391631,Здравствен Дом Струмица,,
2411245233,22.4802002,41.1980475,,,
2411245236,22.4800122,41.1981405,,,
2411245246,22.4907252,41.1717857,Негорски Бањи,Негорски Бањи,Negorski Spa
2411245280,22.4798888,41.1969417,,,
2411245310,22.4790683,41.1974904,,,
2411245313,22.4811333,41.1969053,,,
2411245345,22.4792400,41.1978214,,,
2411245360,22.4791863,41.1975873,,,
2411245363,22.4792561,41.1982654,,,
2411245401,22.4794167,41.1968125,,,
2411245454,22.4792131,41.1968125,,,
2411245458,22.4814659,41.1972565,,,
2411245501,22.4812355,41.1971839,,,
2411245522,22.4806937,41.1977649,,,
2411245523,22.4811390,41.1974945,,,
2411245557,22.4801463,41.1967197,,,
2487777865,20.9700679,42.0060294,,,
2487777871,20.9736336,42.0042450,,,
2487777884,20.9717630,42.0053837,,,
2487777886,20.9733724,42.0045386,,,
2487777891,20.9728037,42.0042914,,,
2487777892,20.9735279,42.0043393,,,
2487777896,20.9707223,42.0048057,,,
2487777900,20.9699606,42.0057544,,,
2487777907,20.9735762,42.0044270,,,
2487777909,20.9733761,42.0040258,,,
2487777910,20.9698265,42.0061650,,,
2487777911,20.9712534,42.0045147,,,
2487777917,20.9717722,42.0044005,,,
2487777919,20.9736014,42.0047393,,,
2487777923,20.9722780,42.0043552,,,
2487777929,20.9703897,42.0059098,,,
2487777934,20.9702181,42.0056747,,,
2487777943,20.9690433,42.0055630,,,
2487777945,20.9698839,42.0052575,,,
2545342992,20.9139859,40.9776464,ЈЗУ Завод за превенција лекување и рехабилитација на хронични респираторни неспецифични заболувања  Отешево,,PHI Institute for Prevention Treatment and Rehabilitation of Chronic Respiratory Nonspecific Diseases  Oteševo
2574157872,22.5564969,41.3156008,JZU Zdravstven dom Valandovo,,
2580571875,21.5626767,41.3445413,,,
2588860382,21.5642847,41.3424646,,,
2588861489,21.5645095,41.3426136,,,
2670727606,22.6393219,41.4351790,Стара Градска болница,,
2674521006,21.5626192,41.3413343,,,
2891532999,22.5899086,42.0191328,,,
2893230087,21.4559663,41.0422922,,,
2918276497,20.9672026,41.8302786,,,
2918276498,20.9669677,41.8299606,,,
2918276499,20.9673706,41.8297933,,,
2918276500,20.9676098,41.8301129,,,
2918382246,20.9746913,41.8396457,,,
2918382247,20.9746587,41.8395367,,,
2918382248,20.9747238,41.8395124,,,
2918382249,20.9747807,41.8396275,,,
3022359063,22.3340869,42.2050632,Пензионерски здравствен дом,,Retirement Health Clinic
3026939347,20.6028615,41.6069015,,,
3045700179,22.0822141,41.4802697,,,
3045700180,22.0831626,41.4801636,,,
3045700181,22.0841535,41.4784560,,,
3045700182,22.0840686,41.4778090,,,
3045700183,22.0816903,41.4782757,,,
3045700184,22.0818318,41.4789863,,,
3045700185,22.0822282,41.4790076,,,
3107179427,21.4341010,41.9926795,,,
3107179428,21.4343303,41.9926942,,,
3107182429,21.4342285,41.9927375,,,
3107182430,21.4343626,41.9926533,,,
3107182431,21.4340634,41.9925220,,,
3107182432,21.4339508,41.9926676,,,
3107182433,21.4340205,41.9927054,,,
3107182434,21.4341331,41.9925898,,,
3107182435,21.4343517,41.9928464,,,
3107182436,21.4341412,41.9926137,,,
3107182437,21.4342800,41.9926723,,,
3107182438,21.4344679,41.9926992,,,
3107182439,21.4341707,41.9925699,,,
3107182440,21.4342964,41.9927672,,,
3107182441,21.4342640,41.9928082,,,
3162774861,22.4655010,41.6359650,,,
3392666037,21.5628791,41.3446287,,,
3428338299,21.5624124,41.3414832,,,
3428338300,21.5624865,41.3414227,,,
3647042375,21.7343791,42.1197425,Poliklinika "Goce Delcev",,
3650810327,21.4016169,42.0025193,,,
3650810528,21.4016675,42.0024779,,,
3695204472,22.7797778,41.9652957,,,
3696527260,22.7806657,41.9661917,,,
3696527261,22.7807087,41.9661738,,,
3696527263,22.7807288,41.9661617,,,
3696527264,22.7816327,41.9654551,,,
3696527265,22.7816527,41.9654276,,,
3696527266,22.7816616,41.9653918,,,
3696527269,22.7815973,41.9653163,,,
3696527271,22.7797751,41.9653908,,,
3704382122,22.7804593,41.9651139,,,
3704387327,22.7797521,41.9653373,,,
3704387330,22.7808827,41.9648738,,,
3704387337,22.7805612,41.9661479,,,
3758598714,21.2170105,41.5130692,,,
3758598715,21.2172707,41.5130140,,,
3758598720,21.2165443,41.5123694,,,
3758598721,21.2177327,41.5124027,,,
3787571405,21.4413301,41.9872329,,,
3787571417,21.4411253,41.9873245,,,
3787571432,21.4414511,41.9871532,,,
3832632307,21.4245924,41.9872700,,,
4107484486,21.4037146,42.0045207,,,
4107484487,21.4033904,42.0045673,,,
4107484488,21.4031904,42.0037996,,,
4107484889,21.4035147,42.0037530,,,
4125379517,21.4128098,42.0009982,Центар за ментално здравје,,Center for mental health
4125379518,21.4130411,42.0010726,ПЗУ „Д-р Горица“,,PZU "D-r Gorica"
4127878230,21.4587118,42.0084707,,,
4127878233,21.4587654,42.0081558,,,
4127878236,21.4602031,42.0079246,,,
4127878238,21.4587037,42.0084029,,,
4127878248,21.4589478,42.0080761,,,
4127878254,21.4589210,42.0088334,,,
4133414551,21.4030347,42.0047350,,,
4133414554,21.4031047,42.0050083,,,
4138200603,21.4145316,42.0005964,Неуромедика,,Neuromedika
4151702372,21.4202483,41.9950304,,,
4151702373,21.4203974,41.9950470,,,
4151702381,21.4203702,41.9951804,,,
4207941044,21.4056037,42.0135929,,,
4224249979,21.4051382,42.0137001,,,
4224249980,21.4049160,42.0140363,,,
4224249982,21.4050388,42.0141040,,,
4224249985,21.4043197,42.0141886,,,
4224249986,21.4041812,42.0141950,,,
4224250089,21.4051080,42.0143725,,,
4224250090,21.4050322,42.0143731,,,
4224250093,21.4039908,42.0143998,,,
4224250094,21.4036558,42.0144235,,,
4224250097,21.4040139,42.0145805,,,
4224250098,21.4036789,42.0146042,,,
4234366919,21.4039938,42.0137739,,,
4234366921,21.4039347,42.0137998,,,
4234366922,21.4036746,42.0138128,,,
4234366923,21.4041292,42.0139314,,,
4234366924,21.4040903,42.0139891,,,
4234366925,21.4040997,42.0142027,,,
4234366926,21.4041030,42.0142549,,,
4247656089,20.8824258,41.8353984,Hospital,,
4278026415,22.7546217,41.4166397,,,
4278026416,22.7543385,41.4160637,,,
4278026417,22.7542430,41.4160770,,,
4278026418,22.7540926,41.4161407,,,
4278026419,22.7542377,41.4163902,,,
4278026420,22.7544111,41.4167007,,,
4281387289,21.5118538,42.0160266,Medical Point,,
4367454449,22.1919723,41.7356638,,,
4367454451,22.1919365,41.7357765,,,
4367454452,22.1915312,41.7357047,,,
4367454453,22.1915727,41.7355744,,,
4367454454,22.1916730,41.7355922,,,
4367454455,22.1917094,41.7354780,,,
4367454456,22.1918335,41.7354999,,,
4367454457,22.1917915,41.7356318,,,
4405714510,21.4590248,42.0089273,,,
4405714511,21.4593563,42.0088996,,,
4408488656,22.1985658,41.7388195,,,
4408488657,22.1985517,41.7387046,,,
4408488658,22.1980527,41.7387204,,,
4408488659,22.1980456,41.7385250,,,
4408488660,22.1981270,41.7385184,,,
4408488661,22.1981535,41.7384828,,,
4408488662,22.1983393,41.7384207,,,
4408488663,22.1984809,41.7384128,,,
4422365687,22.1992246,41.7385807,,,
4422365688,22.1991853,41.7386801,,,
4422442641,22.1864601,41.7348442,,,
4422442642,22.1868011,41.7349446,,,
4422442643,22.1867191,41.7350998,,,
4422442644,22.1863873,41.7349748,,,
4426204299,22.1978241,41.7363974,,,
4426204300,22.1977116,41.7363997,,,
4426204301,22.1975856,41.7363536,,,
4426204302,22.1975214,41.7363065,,,
4426204303,22.1974876,41.7362577,,,
4426204304,22.1974718,41.7361414,,,
4426204305,22.1975576,41.7356453,,,
4426204306,22.1975039,41.7355573,,,
4426204307,22.1975681,41.7354675,,,
4426204308,22.1974990,41.7354475,,,
4426204309,22.1976106,41.7352896,,,
4426204311,22.1981533,41.7347125,,,
4426204312,22.1982507,41.7345889,,,
4426204313,22.1983255,41.7343788,,,
4426204314,22.1983239,41.7343040,,,
4426204315,22.1982960,41.7342046,,,
4426204316,22.1983783,41.7340810,,,
4426204317,22.1984769,41.7339566,,,
4426204318,22.1987923,41.7335870,,,
4426204319,22.1991285,41.7330773,,,
4426204320,22.1994329,41.7325676,,,
4426204321,22.1997161,41.7322638,,,
4426204322,22.2002272,41.7321597,,,
4426204323,22.2004834,41.7320366,,,
4426204324,22.1979147,41.7363685,,,
4426204325,22.1980541,41.7362554,,,
4426204326,22.1984055,41.7359021,,,
4426204327,22.1985691,41.7357790,,,
4426204328,22.1987515,41.7355999,,,
4426204329,22.1988789,41.7355398,,,
4426204330,22.1990211,41.7355298,,,
4426204331,22.1991149,41.7354888,,,
4426204332,22.1991471,41.7355328,,,
4426204333,22.1994395,41.7357300,,,
4426204335,22.1996863,41.7358601,,,
4426204336,22.1998861,41.7359161,,,
4426204337,22.2000336,41.7359231,,,
4426204338,22.2001717,41.7358741,,,
4426204339,22.2002911,41.7358110,,,
4426204340,22.2003809,41.7357210,,,
4426204341,22.2004225,41.7356039,,,
4426204342,22.2004064,41.7354938,,,
4426204343,22.2003541,41.7353757,,,
4426204344,22.2003380,41.7352346,,,
4426204345,22.2003729,41.7351555,,,
4426204346,22.2004520,41.7351115,,,
4426204347,22.2005660,41.7351075,,,
4426204348,22.2005151,41.7348363,,,
4426204349,22.2005016,41.7346281,,,
4426204350,22.2003944,41.7344880,,,
4426204351,22.2004990,41.7341417,,,
4426204352,22.2004856,41.7338955,,,
4426204353,22.2005902,41.7336494,,,
4426204354,22.2006036,41.7333691,,,
4426204355,22.2007430,41.7330489,,,
4426204356,22.2008879,41.7325865,,,
4426204357,22.2008772,41.7320761,,,
4426204359,22.1977934,41.7350923,,,
4426220816,22.1989733,41.7355332,,,
4426220817,22.1989277,41.7355364,,,
4426237832,22.1987941,41.7355798,,,
4426237833,22.1975407,41.7355059,,,
4426237850,22.1975346,41.7354583,,,
4426237855,22.1975479,41.7354617,,,
4426237859,22.1990619,41.7355120,,,
4426237860,22.1975218,41.7354541,,,
4426237862,22.1978030,41.7350821,,,
4426238201,22.1991026,41.7354942,,,
4502450989,20.9253281,41.9441196,Bolnica Kamenjane,Bolnica Kamenjane,Hospital Kamenjane
4502526763,21.3705082,42.0212829,,,
4512189989,21.3825697,42.0179859,Медика Центар,Медика Центар,Medica Centar
4520377165,21.4416355,41.9873102,,,
4520377168,21.4417629,41.9873198,,,
4687780346,21.4595031,42.0082478,,,
4687780347,21.4595147,42.0082985,,,
4687780348,21.4597491,42.0091164,,,
4687780349,21.4600599,42.0089221,,,
4687780350,21.4604371,42.0086936,,,
4687780351,21.4607445,42.0085267,,,
4687780352,21.4607984,42.0083948,,,
4725824036,22.1990788,41.7385478,,,
4725824037,22.1991893,41.7386699,,,
4725824039,22.1991329,41.7387333,,,
4725824054,22.1985494,41.7384283,,,
4725824055,22.1986480,41.7384505,,,
4725824061,22.1982681,41.7384445,,,
4725824062,22.1985162,41.7384208,,,
4776265422,21.4407164,42.0035328,ЈЗУ ЗДРАВСТВЕН ДОМ,,
4885047822,20.9773702,42.0030792,ONE Hospital - Tetovo,ОНЕ Хоспитал - Тетово,ONE Hospital - Tetovo
4973722847,20.6946961,41.1716566,,,
5014935667,21.5043356,42.0056206,,,
5067098012,21.5040280,42.0054463,,,
5078223557,21.4147056,41.9918273,,,
5078223567,21.4147845,41.9916376,,,
5094516078,20.8700787,41.9424330,,,
5094516079,20.8702222,41.9424380,,,
5094516080,20.8702316,41.9423572,,,
5094516081,20.8700854,41.9423512,,,
5104528435,21.4239534,41.9872499,,,
5130474890,21.4271939,41.9933702,Здравствен дом „Железничар“,,Železničar Health Centre
5160396347,20.8701540,41.9423987,Ambulanta,,
5268651435,21.3625706,42.0097143,,,
5268651436,21.3625708,42.0096827,,,
5268651437,21.3625955,42.0096828,,,
5268651438,21.3625954,42.0096942,,,
5268651439,21.3629366,42.0096954,,,
5268651440,21.3629367,42.0096812,,,
5268651441,21.3629606,42.0096813,,,
5268651442,21.3629604,42.0097156,,,
5268651443,21.3630220,42.0096027,,,
5268651444,21.3629396,42.0092684,,,
5268651445,21.3629398,42.0092366,,,
5268651446,21.3625985,42.0092353,,,
5268651447,21.3625983,42.0092693,,,
5268651448,21.3625714,42.0092692,,,
5268651449,21.3625715,42.0092480,,,
5268651450,21.3629636,42.0092684,,,
5268651451,21.3629637,42.0092492,,,
5268651452,21.3629230,42.0095425,,,
5268651453,21.3628601,42.0095422,,,
5268651454,21.3629209,42.0093818,,,
5268651455,21.3629215,42.0093434,,,
5268651456,21.3625970,42.0093812,,,
5268651457,21.3626558,42.0093812,,,
5268651458,21.3626540,42.0095414,,,
5268651459,21.3625945,42.0095411,,,
5287633658,21.4050118,41.9905251,,,
5287633659,21.4051271,41.9901073,,,
5287633660,21.4051798,41.9899093,,,
5287633661,21.4051761,41.9900002,,,
5287633662,21.4055371,41.9901524,,,
5287633663,21.4052376,41.9901457,,,
5287633664,21.4051945,41.9897694,,,
5288522423,21.4234684,41.9957828,,,
5288522424,21.4234740,41.9957569,,,
5288522425,21.4235661,41.9956453,,,
5296448627,21.4033077,42.0042499,,,
5296448628,21.4032690,42.0042554,,,
5296448629,21.4032364,42.0041303,,,
5296448630,21.4032751,42.0041248,,,
5305559568,21.4015849,42.0025785,,,
5354621071,22.7816245,41.9653366,,,
5354621072,22.7816447,41.9653561,,,
5354621073,22.7816571,41.9653741,,,
5354621074,22.7816593,41.9654108,,,
5354621075,22.7816448,41.9654416,,,
5354621076,22.7806866,41.9661845,,,
5354621077,22.7806291,41.9661937,,,
5354621078,22.7806101,41.9661873,,,
5354621079,22.7805890,41.9661728,,,
5354621080,22.7806480,41.9661945,,,
5354621081,22.7797631,41.9653706,,,
5354621082,22.7797561,41.9653538,,,
5354621083,22.7797552,41.9653221,,,
5354621084,22.7797648,41.9653078,,,
5354621085,22.7802890,41.9649852,,,
5354621093,22.7799159,41.9652192,,,
5354621102,22.7802724,41.9649941,,,
5483295553,21.5633325,41.3448275,,,
5600176621,21.4333393,42.0319727,,,bioenergy
5601794407,21.6155055,41.9389005,Euroitalia,,
5646430122,21.4434522,42.0130459,Visar,,
5761128321,21.0130865,41.0855049,Др.Пашковски,,Dr.Paskovski
5969332187,20.7631403,41.1348192,St. Erasmus Hospital,,
5999496485,21.7097350,42.1374816,Hitna Pomos,Brza Pomos,Ambulance
6228086034,21.4036189,42.0147419,,,
6228086035,21.4040988,42.0147132,,,
6240060782,21.7796539,41.7170607,,,
6240062005,21.7791898,41.7171495,,,
6240062016,21.7798114,41.7173561,,,
6240062017,21.7793346,41.7170465,,,
6240062028,21.7798172,41.7172836,,,
6240062032,21.7798800,41.7170441,,,
6240062034,21.7791937,41.7171002,,,
6240062041,21.7799385,41.7171059,,,
6240062043,21.7790528,41.7170939,,,
6240062054,21.7791675,41.7173459,,,
6240062062,21.7799182,41.7173608,,,
6240062065,21.7791747,41.7172551,,,
6240062083,21.7790333,41.7173399,,,
6240062085,21.7798753,41.7171031,,,
6240062088,21.7793259,41.7171556,,,
6240062092,21.7796561,41.7170342,,,
6275319275,21.3459576,42.0451646,,,
6275319276,21.3461405,42.0449575,,,
6275319277,21.3460734,42.0451836,,,
6292883424,20.6941156,41.1732823,,,
6292883425,20.6940512,41.1717451,,,
6292883426,20.6953486,41.1715757,,,
6292883427,20.6954780,41.1732096,,,
6347485641,22.4646543,41.7613575,Партизанска болница,,
6347486413,22.4640929,41.7605483,,,
6347486414,22.4642902,41.7603559,,,
6347486415,22.4653371,41.7609105,,,
6347486416,22.4654661,41.7617649,,,
6347486417,22.4644722,41.7619856,,,
6347486418,22.4639564,41.7611821,,,
6348200118,22.1980466,41.7385530,,,
6348420542,22.1990823,41.7355031,,,
6358829592,22.1865491,41.7350493,,,
6358829593,22.1865624,41.7350288,,,
6384505886,20.9035260,41.7929628,Болница Ферид Мурад,,
6521697188,20.6952652,41.1715860,,,
6573239486,20.8180980,41.1173790,,,
6596877195,21.7755756,41.7154267,,,
6596877204,21.7757128,41.7163006,,,
6610968974,21.7750122,41.7152165,,,
6610968975,21.7748936,41.7146932,,,
6610968976,21.7751827,41.7139888,,,
6610968977,21.7765609,41.7148024,,,
6610968978,21.7766517,41.7146474,,,
6610968979,21.7766682,41.7138496,,,
6724958093,21.4266107,41.9873276,,,
6724958094,21.4268844,41.9872432,,,
6724958095,21.4267460,41.9869453,,,
6724958096,21.4266282,41.9865617,,,
6724958119,21.4256959,41.9868220,,,
7027084885,21.4235554,41.9919437,Стоматолошка Ординација,,Dentist
7173141269,21.0014229,42.0343370,NATURA MEDIKA,,
7647656736,20.9618468,41.5098016,,,
7647656737,20.9617488,41.5089058,,,
7647656738,20.9617961,41.5088729,,,
7647656739,20.9625362,41.5088881,,,
7647656740,20.9629113,41.5088957,,,
7647656741,20.9630972,41.5089159,,,
7647656742,20.9632797,41.5089336,,,
7647656743,20.9633756,41.5095267,,,
7647656745,20.9625681,41.5096814,,,
7653258541,20.9617514,41.5089241,,,
7829589545,21.9364878,41.8678306,,,
7829589546,21.9365633,41.8679335,,,
7829589547,21.9365721,41.8679897,,,
7829589548,21.9365255,41.8680424,,,
7829589549,21.9363493,41.8681800,,,
7829589550,21.9364489,41.8682349,,,
7829589551,21.9365866,41.8682642,,,
7829589552,21.9368385,41.8682792,,,
7829589553,21.9371812,41.8682599,,,
7829589554,21.9374377,41.8682434,,,
7829589555,21.9369062,41.8679436,,,
7829589556,21.9366614,41.8677603,,,
7829652883,21.9412712,41.8598925,,,
7829652884,21.9399497,41.8599794,,,
7829656085,21.9390865,41.8605760,,,
7829656086,21.9389010,41.8607845,,,
7829656087,21.9395400,41.8609487,,,
7829656088,21.9403177,41.8610717,,,
7829656089,21.9406755,41.8611190,,,
7829656090,21.9409085,41.8611798,,,
7829656091,21.9412699,41.8611436,,,
7829656092,21.9412719,41.8605402,,,
7829656093,21.9412804,41.8600636,,,
7836916823,21.9399162,41.8610222,,,
7836916824,21.9410958,41.8612391,,,
7836916825,21.9412689,41.8612513,,,
7836916826,21.9411564,41.8612786,,,
7836916827,21.9412047,41.8613000,,,
7836916828,21.9412608,41.8612852,,,
7836916829,21.9412371,41.8612983,,,
7840462345,21.9364519,41.8681144,,,
7926649536,22.4082821,41.9163336,,,
7926649537,22.4086571,41.9170143,,,
7926649538,22.4071898,41.9172604,,,
7926649539,22.4076382,41.9171946,,,
7926649540,22.4082471,41.9170742,,,
8041826229,21.5628475,41.3435782,,,
8041826230,21.5629793,41.3433772,,,
8041826232,21.5613753,41.3426837,,,
8041826242,21.5624203,41.3440595,,,
8041826243,21.5625340,41.3440160,,,
8041826244,21.5630018,41.3433426,,,
8041826245,21.5629031,41.3432153,,,
8041905785,21.5634223,41.3418756,,,
8041905789,21.5644240,41.3425569,,,
8041905790,21.5644353,41.3438035,,,
8041905820,21.5647793,41.3441191,,,
8041905821,21.5637477,41.3432615,,,
8041905823,21.5635604,41.3448897,,,
8041905824,21.5639098,41.3445778,,,
8041905825,21.5644089,41.3443844,,,
8041905826,21.5648438,41.3441784,,,
8041905827,21.5625830,41.3413102,,,
8041905828,21.5622935,41.3415758,,,
8041905829,21.5621710,41.3415203,,,
8041905830,21.5617678,41.3420011,,,
8041905831,21.5617882,41.3420529,,,
8041905832,21.5624109,41.3440970,,,
8041905833,21.5628850,41.3443035,,,
8041905835,21.5638338,41.3446658,,,
8043006081,21.5627809,41.3444026,,,
8043006082,21.5627957,41.3442646,,,
8043029400,21.5638026,41.3446822,,,
8238250592,21.5634511,41.3448516,,,
8393939617,21.5332026,41.9347627,lindi 2022,,
8434537936,21.5158516,41.9398219,PZU "Deona MM",,
8635010470,21.4034248,42.0028115,,,
8635010483,21.4028418,42.0033301,,,
8848265022,21.3436369,42.0049045,,,
8848265023,21.3446295,42.0048392,,,
8848265024,21.3446504,42.0041545,,,
8848265025,21.3436390,42.0041732,,,
8848265026,21.3440054,42.0049074,,,
8848265047,21.3444410,42.0049107,,,
9131183907,21.4055922,42.0133702,,,
9131183908,21.4051464,42.0134534,,,
9131183909,21.4041822,42.0135281,,,
9131183910,21.4034526,42.0136053,,,
9131183911,21.4041433,42.0146371,,,
9131183915,21.4043447,42.0137285,,,
9131186720,21.4049965,42.0140622,,,
9143953847,21.4602402,42.0080789,,,
1000000028212175,21.4025548,42.0028656,Поликлиника Букурешт,,
1000000028212201,21.4037835,42.0057646,ГОБ „8 Септември“,,
1000000032299002,21.3794289,42.0064272,Неуромедика,,
1000000032302800,21.3627696,42.0094758,,,
1000000032490168,21.4343082,41.9926830,,,
1000000032658092,21.3722858,42.0193328,Психијатриската болница Бардовци,,
1000000032687572,21.4223040,41.9886480,Клинички центар - Државна болница,,
1000000033480091,22.0186733,41.4331975,,,
1000000034074207,20.8169092,41.1166388,Медицински Центар,,Medical Centre
1000000034159646,21.4572960,41.9850722,Поликлиника Јане Сандански,,Polyclinic Jane Sandaski
1000000035065175,21.2171033,41.5127881,Здравствен Дом,,Hospital
1000000037766954,21.5038069,41.9954511,Здравствена Станица "Маџари I",,
1000000037866488,22.4070274,41.9169924,ЈЗУ Општа Болница,,City General Hospital
1000000037998632,21.4051872,41.9900835,Институт по белодробни заболувања кај децата - Козле,,
1000000038002612,21.4621383,41.9890401,Мајчин Дом,,
1000000038082546,21.4049758,41.9948975,Рес Хумана ординација,,
1000000038317780,21.3353325,41.0328686,Здравствен Дом,,
1000000126355598,21.4045033,42.0140560,Клиничка Болница Аџибадем Систина,,Acibadem Sistina Hospital
1000000152448287,21.4348586,41.9869671,Ординација Срце,,
1000000152822002,21.3162549,41.0213073,Плодност,,
1000000159159400,21.7757809,41.7151566,,,
1000000160554124,21.7090381,42.1370013,Болница,,
1000000160554125,21.7082219,42.1362234,Ургентен Центар,,
1000000160554145,21.7087297,42.1363726,Болница,,
1000000161578643,21.7169354,42.1352181,Здравствен дом,,
1000000164191033,21.4234574,41.9956821,Др. Анчевски,,
1000000167697125,22.8796829,41.4122803,,,
1000000168740291,22.8799099,41.4121094,,,
1000000175160544,21.4660123,42.0049583,Амбуланта Авткоманда,,
1000000175293043,21.4596539,42.0081845,Ремедика,,ReMedica
1000000175293044,21.4594169,42.0086400,Поликлиника Железара,,Polyclinic Železara
1000000175516639,21.4205342,41.9951591,Поликлиника Идадија - Млин Балкан,,
1000000175892204,21.4443417,42.0209002,Поликлиника Чаир,,
1000000175905539,21.4396952,42.0108109,Гинеколошко акушерска болница-Чаир ''Мајка Тереза''',,
1000000176156176,21.4039775,42.0140243,Acibadem Sistina Hospital,,Acibadem Sistina Hospital
1000000176173911,21.4134912,41.9915110,Завод за физикална медицина и рехабилитација,,
1000000176293213,21.4456894,42.0306965,Амбуланта Бутел,,
1000000176950874,21.6936414,41.8978010,Центар замедицинска рехабилитација Катлановска Бања,,
1000000177404394,21.5042706,42.0055057,Поликлиника Ченто,,
1000000179747888,21.4414967,41.9875112,Центар за Јавно Здравје - Пролет,,
1000000185377843,21.3753089,42.0074094,Амбуланта Влае,,
1000000185635120,21.7218657,41.5159891,Специјална Болница за белодробни заболувања и туберкулоза Јасеново“,,Special Hospital for Pulmonary Diseases and Tuberculosis Jasenovo
1000000188947643,21.7102301,42.1367567,Болница,,
1000000194654804,20.8026604,41.0737600,Центар за Кардиоваскуларни заболувања,,Center for Cardiovascular diseases
1000000196614896,21.3184883,41.0229534,ЈЗУ Клиничка Болница Др. Трифун Пановски,,
1000000223427540,21.3627586,42.0094596,,,
1000000228568802,20.9620280,41.5079033,,,
1000000232806059,22.4802670,41.1974925,Психијатриска болница “Негорци”,,
1000000241088123,20.9713384,42.0050954,Болница Тетово,,Hospital
1000000288270661,20.9672887,41.8300359,Ambulanca,,
1000000288279910,20.9747196,41.8395790,Реума,,
1000000300492171,22.0829218,41.4790393,Здравствен Дом Неготино,,
1000000305981470,21.4340607,41.9926137,,,
1000000305981471,21.4343481,41.9927498,,,
1000000365648646,22.7807068,41.9655341,Здравствен дом Гоце Делчев,,Goce Delchev
1000000408840915,21.4034525,42.0041601,Клиника Болница Жан Митрев,,Zan Mitrev Clinic
1000000422688582,21.4038348,42.0145020,Болница „Аџибадем Систина“,,Acibadem Sistina Hospital
1000000428710062,22.7543571,41.4163822,,,
1000000439111652,22.1917517,41.7356272,Стар Здраствен Дом,,
1000000443233913,22.1986351,41.7386161,Здравствен дом Панче Караѓозов,,
1000000444790284,22.1864601,41.7348442,,,
1000000445148605,22.1991798,41.7342181,Клиничка Болница Штип,,
1000000474923330,21.4597510,42.0085205,,,
1000000523260670,20.8701551,41.9423946,Ambulanta,,
1000000666492759,21.7794858,41.7171975,Здравствен дом Велес,,
1000000670082044,21.3460490,42.0450611,Амбуланта Волково,,
1000000671994292,20.6947646,41.1724290,Институт за нефрологија,,
1000000677899122,22.4647112,41.7611707,Партизанска Болница,,
1000000679077419,22.1865624,41.7350288,,,
1000000818917959,20.9625622,41.5093372,Општа Болница Кичево,,
1000000839015846,21.9368934,41.8680197,Нова амбуланта,,
1000000839020774,21.9400907,41.8605962,Примариус Др. Ѓорѓи Гаврилски,,Primarius Dr. Gjorgji Gavrilski
1000000863267699,21.5631095,41.3430999,Општа болница Борка Талески-Модерното,,Borka Taleski-Modernoto General Hospital
1000000956043144,21.3441436,42.0045326,Санте Плус,,Sante Plus
2000000002963885,21.3627641,42.0094677,Поликлиника Ѓорче Петров,,
2000000004081495,21.4342043,41.9926817,Градска болница,Градски клинички центар,City Hospital
2000000009429039,22.1865112,41.7349365,Оддел за Психијатрија,,
