@id,@lon,@lat,name,name:mk,name:en
367675829,21.3816633,42.0061233,Ремедиум,,Remedium
370651330,21.4273351,41.9918820,,,
382650837,22.0111728,41.4366490,Flora,,
411634095,21.2485188,41.3681454,,,
418032729,21.2171596,41.5126950,,,
443017396,21.4996627,41.9964256,,,
443017399,21.5039025,41.9954834,Градска Аптека Маџари,,
444938513,21.4262009,42.0009645,,,
444938811,21.4226797,41.9984708,Зегин,,Zegin
444994406,21.4593671,42.0117440,,,
444994545,21.4626489,42.0023086,Зегин,,
444994811,21.4646210,42.0026330,,,
459669736,21.4332098,41.9950445,,,
459673288,21.4154083,41.9932326,Зегин,,
464772766,22.3218094,42.1966304,Melisa,,
471353612,21.5146591,41.9390697,,,
473903011,22.3352996,42.2026734,City pharmacy,Градска аптека,
478041069,22.0114671,41.4335225,Flora,,
479916153,22.4109977,41.9204465,,,
484691167,21.5084304,41.9943778,Intergral Farm,,
498850840,21.4373274,41.9972254,Зегин,,Zegin
529807927,22.0112529,41.4352758,Flora,,
529810682,22.0102316,41.4383709,Flora,,
529811233,22.0177763,41.4345186,Flora,,
568026360,20.6792497,41.1815448,,,
568026370,20.6790178,41.1815291,,,
774774343,21.0142087,41.0891068,,,
774775223,21.0118055,41.0880394,Farmalek 2005,Farmalek 2005,Фарма лек
774777038,21.0131144,41.0910636,Epoha,,
774779901,21.0122775,41.0920662,Anafarm,,
913077744,22.0172506,41.4345629,Remedia,,
913077746,22.0161241,41.4343618,Echo,,
1088079168,22.3338943,41.8844925,,,
1092300592,21.3488440,42.0380108,,,
1145898401,21.4361069,41.9886596,,,
1361157236,21.4361820,41.9885320,,,
1361157237,21.4353934,41.9884562,,,
1361157238,21.4354578,41.9883366,,,
1382090803,21.4295599,41.9835895,Apteka Biofit,,
1382090805,21.4008928,41.9940569,Apteka Biofit,,
1477313296,21.3568700,42.0164585,,,
1577486961,21.3761084,42.0023156,,,
1615832328,21.3978776,42.0032564,Zegin,Зегин,Zegin
1615847558,21.3985661,42.0034289,Херба,,
1652699470,21.4219509,41.9919776,Уни Медикал,,
1704390082,20.9612472,41.5073818,,,
1747986303,21.4308199,41.9869002,Зегин,,
1748378521,21.4198668,41.9988465,,,
1791511473,22.8800492,41.4121993,,,
1855982570,21.4403511,42.0161642,Еурофарм,,
1860775709,21.4594133,42.0116887,,,
1860775720,21.4593228,42.0116470,,,
1860775852,21.4592766,42.0117024,,,
1867138500,21.4259438,42.0012381,,,
1867138531,21.4262899,42.0010897,,,
1867138554,21.4258850,42.0011698,,,
1999953844,22.2420378,41.4090887,,,
2162792867,21.2488809,41.3676140,,,
2162792871,21.2487980,41.3675336,,,
2162792885,21.2488115,41.3677027,,,
2162792887,21.2488595,41.3675818,,,
2162792890,21.2488648,41.3675496,,,
2162792900,21.2487165,41.3676465,,,
2162792905,21.2487066,41.3676603,,,
2162792917,21.2488863,41.3675818,,,
2294320035,21.4078311,41.9960357,Зегин,,
2323225376,22.5019981,41.1392595,,,
2323226135,22.5056942,41.1402110,,,
2323226136,22.4973820,41.1451213,,,
2323226541,22.5058980,41.1440306,,,
2323226543,22.5060295,41.1440629,,,
2323226656,22.5064050,41.1441760,,,
2323229246,22.5061367,41.1445113,,,
2323229360,22.5057344,41.1451213,,,
2362912161,21.4053418,42.0026568,Аптека Ремедиум Лек,,
2365738469,21.4932407,41.9993465,,,
2574239447,21.3760091,42.0071541,,,
2574239448,21.3759568,42.0070632,,,
2574245319,21.3760522,42.0071404,,,
2574245320,21.3759999,42.0070495,,,
2578824879,21.4324038,41.9811356,Аптека Виола,,
2601311980,21.4078707,42.0032478,Betty,,
2919825967,20.9672997,41.8301443,Menti Farm Barnatore,,
3022331502,22.3349122,42.2040261,Zegin,,
3099334941,21.4460324,41.9910923,Zegin,,
3104012020,21.4311375,41.9943079,Eуpoфapм,,Eurofarm
3187744313,22.4621310,41.6371680,,,
3187744358,22.4648860,41.6376490,Medea,,
3187746693,22.4653720,41.6354730,,,
3606658843,21.3834081,42.0050186,Зегин (Карпош 4),,
3634182103,21.3902099,42.0009171,ЕуроФарм Тафталиџе,,Eurofarm Taftalidze
3695356142,22.7790190,41.9651427,Зегин,,Zegin
3700058029,22.7751349,41.9663936,Твоја Аптека,,Tvoja Apteka
3700058030,22.7754332,41.9665995,Дел Фарм,,Del Farm
3700058031,22.7800854,41.9648802,Валеријана,,Valerijana
3700058032,22.7718677,41.9650374,Кетрин,,Ketrin
3816919343,21.3767990,42.0256469,Eurofarm,,
3828411466,21.7830089,41.7162366,Еуро Фарм,,
3830375935,21.4735236,41.9820014,ZEGIN,,
3830410317,21.4738911,41.9823463,,,
3832362529,21.4198380,41.9899658,Виола,,
3832368052,21.4196296,41.9898127,Betty,,
4247664089,20.9078402,41.7964971,Pharmacy,,
4249193094,22.1948598,41.7386419,Зегин,,
4249277689,22.1963757,41.7385647,,,
4249277789,22.1932659,41.7379036,ЈАКА,,
4264292908,21.3602038,42.0096500,Астра Фарм,,Astra Farm
4266034098,21.4377527,41.9850045,Зегин,,
4266843472,20.9895857,42.0044051,Kemofarmacia,,
4281623890,20.8018070,41.1130500,,,
4356301690,22.2008582,41.7383599,,,
4357165293,22.1935929,41.7379557,,,
4357166390,22.1939076,41.7378787,,,
4375519189,21.4341995,41.9928765,Зегин ( стара градска болница),Зегин ( стара градска болница),Zegin
4429141991,20.7980116,41.1169284,Betty Farmaci,,
4429142389,20.8009464,41.1157532,Pharmacy,Аптека Мерифарм,
4429142390,20.8004540,41.1142839,Pharmacy,Pharmacy,Pharmacy
4449621005,21.5737133,41.9974707,Zegin,,
4502450590,20.9271416,41.9413078,Apoteka Narten,Apoteka Narten,Pharmacy Narten
4502463697,20.9281745,41.9437740,,,
4502469395,20.9344403,41.9674905,,,
4553896962,21.2172839,41.5066648,,,
4614661190,21.4085080,41.9969243,Опоум,Опоум,Opium
4699625443,21.4454422,42.0119331,,,
4699625444,21.4454304,42.0118762,,,
4699625445,21.4455748,42.0118597,,,
4699625446,21.4455866,42.0119166,,,
4846704246,21.4276434,41.9958705,Виола,,Viola
4846704247,21.4273767,41.9954508,Зегин,,Zegin
4906876824,22.7705482,41.9653605,Зегин,Зегин,Zegin
4915240922,20.9711097,42.0094415,Зегин Апотека,,Zegin Pharmacy
4938094324,21.4376415,41.9916808,,,
4990134422,21.4394269,42.0024902,Зегин,Зегин,
5000655138,21.7229917,42.1299203,,,
5000655139,21.7229144,42.1298444,,,
5000655140,21.7229971,42.1297980,,,
5000655141,21.7230744,42.1298739,,,
5054709625,21.5047496,42.0042011,BETTY,,
5056426626,22.0142599,41.4349918,Аптека "Фарма-Медика",,Apteka "Farma-Medika"
5094555424,21.4507243,42.0618376,Зегин,Зегин,Zegin
5300516121,20.9160281,41.9230287,Еларда,,Elarda
5333318379,21.4010137,42.0028618,Eurofarm,,
5344777689,21.3681630,42.0072007,Зегин,,Zegin
5344777690,21.3682252,42.0073336,Betty,,
5403989322,22.7734322,41.9721066,Центродел,,Centrodel
5601885726,20.8083857,41.0229510,,,
5601885731,20.8026273,41.1168048,,,
5672626651,21.7281424,42.1336304,Bizade,,
5859109291,21.4346717,42.0094177,,,
6054020289,21.4250953,41.9950329,,,
6054032909,21.4362670,41.9890157,,,
6054035529,21.4328978,41.9874105,,,
6054035531,21.4269070,41.9938132,,,
6054048689,21.4154009,41.9985752,,,
6054048697,21.4155218,42.0037486,,,
6054048719,21.4284040,41.9970967,,,
6054048888,21.4403185,41.9964634,Аптека,,
6054049800,21.4132362,42.0002111,,,
6054050088,21.4266118,41.9995676,,,
6054050093,21.4224854,41.9985010,Zegin,,
6054050097,21.4152598,42.0004895,Betty,,
6054050785,21.4231640,41.9952217,,,
6079510884,22.5892595,42.0190397,VIVA,,
6079524185,22.5897895,42.0191245,Pharmacy,,
6079524186,22.5908239,42.0189979,VIVA,,
6276874495,21.3540423,42.0283970,,,
6276874505,21.3521693,42.0296724,,,
6276874506,21.3522364,42.0297053,,,
6276874507,21.3521889,42.0297588,,,
6276874508,21.3521218,42.0297259,,,
6276899255,21.5726598,41.9971777,,,
6277406771,21.5809699,41.9931161,Аптека,,
6278889139,21.4406066,42.0105657,Bett,,
6279225900,21.3590232,42.0068054,,,
6279836416,21.4259201,41.9907383,Аптека,,
6279846683,21.3275880,41.9922216,Barnatore,,
6281189208,21.5872765,41.9890443,Аптека,,
6281468172,21.5633626,42.0261406,,,
6281672839,21.3255840,41.9979914,,,
6281849279,21.4431560,42.0086285,АПТЕКА BARNATORE,,
6281849280,21.4434403,42.0082379,Зегин,,
6281849281,21.4429723,42.0075593,Аптека,,Chemist
6281993272,21.4438641,42.0151742,BETTY,,
6281993278,21.4393607,42.0132431,Zegin,,
6281993283,21.4356244,42.0128994,Vita Farm,,
6289464696,21.5625988,41.9625741,,,
6289464697,21.5625163,41.9624793,,,
6289464698,21.5623420,41.9625626,,,
6289464699,21.5624198,41.9626554,,,
6289824075,21.3943733,41.9950587,,,
6289927529,21.4722875,41.9751104,Еурофарм Аптека,,
6291421026,21.4438185,41.9771244,Еурофарм,,
6291421027,21.4389590,41.9762181,Еурофарм,,
6345996078,22.2001176,41.7385347,,,
6347416860,22.2013750,41.7390046,,,
6348113820,22.1929713,41.7370098,,,
6348113876,22.1965822,41.7386258,,,
6348159698,21.4262044,42.0011303,,,
6348159699,21.4261945,42.0011188,,,
6348159700,21.4258613,42.0011260,,,
6348159701,21.4258950,42.0011651,,,
6348159702,21.4262667,42.0010409,,,
6348159703,21.4262533,42.0010473,,,
6802943206,21.7201389,42.1405731,,,
6812639890,21.7201172,42.1405140,,,
6812666799,21.7196234,42.1396951,Betty,,
6814246729,21.4245363,41.9949134,Zegin,,
6815918388,21.4226605,41.9982536,Betty,,
6815931685,21.4182168,42.0027911,,,
6820837785,21.4359152,41.9936185,,,
6827074009,21.4407832,42.0028076,,,
6830542299,20.8136110,41.1190568,Zegin,,
6831648787,20.8127235,41.1156874,Viafarm,,
6831648795,20.8101519,41.1121171,,,
6831648818,20.8048581,41.1132284,Zegin,,
6831648824,20.8108472,41.1139809,,,
6833100691,20.8007114,41.1176215,Maja pharm,,
6833103295,20.8033569,41.1162912,,,
6833103385,20.8062559,41.1197458,Betty,,
6833103389,20.7993691,41.1177349,Zegin,,
6833103489,20.8152083,41.1158373,Flos,,
6833103504,20.8046713,41.1183245,Viapharm,,
6833104286,20.8068331,41.1145898,Betty,,
6837039894,20.8147633,41.1172040,Plus pharma,,
6837039898,20.8108401,41.1174855,,,
6837039899,20.8095214,41.1159944,,,
6837039900,20.8091001,41.1157903,Jaliar,,
6837039903,20.8089137,41.1116502,Kami pharma,,
6837039904,20.8090724,41.1113809,Mazarow,,
6837046288,20.8145136,41.1166173,Betty,,
6906971756,22.4601554,41.6389019,ZEGIN,,
6913306084,21.4292568,42.0247319,Zegin,,
7373066519,22.1978295,41.7436809,Зегин,,
7373066520,22.2011807,41.7500361,Зегин,,
7373066579,22.1992325,41.7491917,,,
8124609217,21.4672077,42.0037470,Еурофарм аптека,,Eurofarm
8188519794,21.4265268,41.9968203,Еурофарм,,
8494240822,21.4114399,42.0026365,Зегин - Моја Аптека,,
8537958452,22.2015501,41.7383366,,,
8537958453,22.2008742,41.7383548,,,
8537958457,22.2013982,41.7390293,,,
8745676373,21.4288200,41.9933214,Еурофарм,,
8857692189,21.3327987,41.0309417,,,
8857692190,21.3328629,41.0308395,,,
8857692191,21.3329357,41.0308655,,,
8857692192,21.3328716,41.0309678,,,
8865894460,21.3328352,41.0309548,,,
8909816033,21.3367291,41.0269000,Еурофарм - Центар,,Eurofarm - Centar
8976090570,21.4512282,42.0555686,Еурофарм,,
9018512977,22.1174285,42.1678776,,,
9091826489,21.5599606,41.3435181,Алек Фарм,,Alek Farm
9200216046,20.8050069,41.1152317,,,
9200216055,21.4397417,42.0038380,,,
9200216066,21.4359938,41.9896172,Eurofarm,,
9200216070,21.4367247,41.9873730,,,
9200216344,21.4202929,41.9948670,,,
9200216435,21.4379217,41.9995923,,,
9200216440,21.4284796,41.9922394,Zegin,,
9200216545,21.4153737,42.0035535,,,
9200216556,21.4152038,42.0005157,Betty,,
1000000121652407,21.4357877,41.9884981,Билна Аптека,,
1000000175499691,21.4593449,42.0116955,,,
1000000176158374,21.4260755,42.0011013,Дисконт,,
1000000206277393,21.2487964,41.3676181,Еурофарм Бома,,Eurofarm Boma
1000000251146836,21.3760045,42.0071018,,,
1000000476363999,21.4455085,42.0118964,Berna Farm,,
1000000511153059,21.7229944,42.1298591,Higija,,
1000000670266006,21.3521791,42.0297156,,,
1000000671622927,21.5624704,41.9625673,,,
1000000957222508,21.3328671,41.0309036,Еурофарм - Саат Кула,,Eurofarm - Saat Kula
